spawn:
  world: world
  x: -1027.4483585388887
  y: 27.0
  z: -843.6394666513968
  yaw: -291.8552
  pitch: 48.8352
DeathHeight: 7
