spawn:
  x: -2.5784873043349044
  y: 21.0
  z: -105.53436139366322
  yaw: 184.77477
  pitch: -3.3888187
  world: world
safezone:
  '0':
    x: 2.8514191189470184
    y: 18.021058235189095
    z: -113.50507370423203
    yaw: 42.88687
    pitch: 18.729574
    world: world
  '1':
    x: -8.711862083890983
    y: 27.37426571360624
    z: -99.32118707812523
    yaw: 232.69801
    pitch: 44.534386
    world: world
